1984 234
3204 374
5560 281
1485 447
5507 267
1751 431
5676 325
5182 441
3575 424
4986 111
5665 132
1832 476
524 17
3953 120
1666 366
1174 393
3975 449
3018 257
514 431
2181 389
479 476
5824 399
1856 236
216 79
2436 48
2113 488
678 30
2078 244
1525 396
4650 310
3361 284
2875 8
2815 124
1005 235
3246 340
2000 401
382 292
4805 118
1026 255
5475 48
1581 258
480 438
2665 352
2245 243
342 129
3656 71
5517 346
729 104
4068 314
3905 357
1715 485
3373 298
5590 290
6012 168
454 299
1606 122
3604 206
1098 431
5764 136
4269 29
5677 337
3035 157
4934 156
468 362
4048 212
206 38
5714 224
267 191
1982 18
443 177
4852 487
1551 80
1055 308
2847 215
726 478
5631 308
745 122
842 401
3623 239
1591 299
1688 87
1360 149
459 55
3311 475
1195 150
3946 359
3112 122
5221 77
5060 136
4086 147
16 15
5860 40
4299 414
3431 223
298 198
5072 48
757 24
4937 179
4535 279
422 58
1683 290
5839 164
420 278
4838 69
5794 257
1764 166
5526 437
1332 445
6049 324
1000 213
431 209
267 186
1426 47
348 99
552 257
1031 461
317 244
2826 198
1825 89
4213 443
5683 366
137 106
3031 188
3918 292
1903 307
121 82
315 182
2272 198
4561 422
2946 392
317 140
4032 97
452 374
717 235
3032 462
3638 42
3044 365
4489 244
5704 476
1965 400
4761 431
4481 366
4143 257
5120 213
4592 474
5443 279
246 5
5957 407
5789 17
5965 86
5616 413
3899 427
4590 283
80 70
5938 390
4165 124
633 284
5978 86
2373 239
135 113
963 362
2209 447
441 296
268 34
5324 126
3349 250
5734 451
1776 164
4990 87
3844 233
1925 402
1821 245
1127 29
2647 402
3970 298
80 46
5306 213
4651 341
400 343
5067 179
2783 376
4103 481
3721 210
342 231
4954 77
1184 298
743 368
6088 8
5856 19
1772 129
5426 460
370 191
425 410
3441 381
460 126
5029 22
4474 363
5715 35
2872 236
5271 456
3987 343
3271 334
382 343
1329 339
982 144
174 150
4705 345
4013 408
5849 63
2333 442
757 287
175 126
2995 63
365 13
1650 20
5463 212
431 411
1097 307
4949 175
276 4
5049 212
5406 327
5830 122
5203 340
659 68
2332 156
2426 288
2381 406
4889 80
1720 58
4826 380
4601 21
1050 40
3141 314
4631 429
4352 356
2410 253
5647 473
5388 149
5332 17
1202 106
329 157
5272 164
2028 34
5362 193
4058 292
1946 274
902 157
2825 263
1891 52
5315 177
763 441
2708 334
693 406
241 171
4184 443
1985 199
4625 132
2742 236
4751 90
1287 95
4062 31
434 121
462 125
6097 10
894 215
5310 145
2541 38
443 412
3813 319
849 26
1006 467
1811 53
5579 413
2006 366
5438 374
2430 401
5577 41
5369 307
1705 74
5419 97
4851 402
5355 475
1715 106
3405 243
4091 18
6044 485
4490 485
529 231
2591 245
2276 407
1726 293
4387 377
2607 431
4178 87
3836 207
5783 329
4822 490
4664 340
5706 183
206 170
282 224
1478 376
4282 163
5672 87
390 229
2704 252
1979 377
2263 8
660 342
4470 407
1152 343
5362 78
3752 340
5683 212
2831 462
5882 451
2746 282
5531 374
4585 391
282 206
5322 140
2998 174
3972 177
3476 46
1030 381
4763 63
348 306
3099 4
199 153
384 37
661 168
1996 399
347 205
485 363
5400 290
3487 461
1689 412
3183 287
513 314
5916 42
5699 18
4674 437
4001 206
298 156
1220 263
5658 43
5329 263
1003 255
2793 52
4206 5
706 325
2487 144
6091 145
4524 74
2336 414
4286 334
1133 164
5680 406
1573 94
2108 103
3616 158
1051 98
1361 448
5389 133
4151 118
5122 341
3136 140
3231 397
412 175
5436 177
2114 463
1872 121
69 8
5019 91
3555 421
479 174
790 475
5575 320
1157 229
3329 305
3842 467
1377 335
5736 448
4711 71
6019 404
4337 299
2807 219
1198 290
1095 298
2972 470
4577 343
2799 365
5634 290
1740 124
5411 44
4750 311
5053 411
5859 87
5710 237
3641 40
2920 6
4690 167
5026 371
2633 448
443 382
4991 21
4663 307
4633 58
184 103
310 106
2964 335
5261 439
6050 8
5695 261
5556 250
4373 194
3698 220
1976 348
3566 121
5099 31
1892 61
277 275
5967 69
3302 29
4031 208
4363 99
1275 257
3802 422
3143 358
1010 124
967 342
1708 6
4972 85
1654 406
384 127
4023 317
371 107
393 370
4556 402
5627 488
1425 157
364 161
2616 397
2465 365
2173 97
461 328
4361 459
3941 26
2214 144
3068 369
280 46
4379 484
1971 263
1154 243
2287 9
259 4
1857 439
787 409
763 436
4549 150
2630 298
733 470
5695 479
329 177
1037 316
5734 210
5143 371
177 149
4365 443
251 4
1481 485
3465 71
3981 346
2463 278
1741 144
2180 96
4477 431
422 341
3554 439
2795 441
252 6
5429 371
220 100
5094 297
2617 49
343 107
5428 218
5760 404
5197 258
5299 142
1949 127
2057 366
816 11
887 173
4223 441
1084 51
3042 40
5874 255
1779 485
2595 456
672 318
1876 432
2943 444
5724 307
3747 239
5227 271
1932 43
2707 485
4484 74
3255 381
1339 233
1144 56
3826 124
470 140
1034 260
5457 103
672 413
2010 244
586 51
6007 379
160 36
438 29
2003 362
1175 121
5581 79
5062 459
5505 374
5325 282
1812 209
3852 266
4412 159
467 437
1177 126
2956 318
1622 454
1389 18
3633 488
3342 167
5790 379
126 71
4815 40
52 39
853 298
1490 258
4976 307
894 124
5383 402
3841 206
2001 485
3418 257
2220 159
3755 287
5825 283
2112 52
404 47
2731 338
5301 44
3697 314
5144 168
2400 363
1791 148
2339 483
2340 374
1843 287
4009 177
2317 41
2635 366
4571 160
2476 381
4133 238
76 13
3613 394
351 304
5599 404
2355 451
1770 82
4475 280
1529 338
2263 476
3333 337
1986 436
5563 98
953 330
4337 244
1416 51
5068 475
1808 176
2281 366
3742 87
342 234
3705 186
5146 392
1367 386
5846 179
2841 392
4291 288
1770 350
364 54
1986 477
4637 161
3692 255
3770 407
2641 398
451 108
5503 439
5561 460
2886 464
3457 244
5272 237
1761 382
412 126
443 383
308 52
485 360
364 350
1147 472
3697 17
3060 70
1001 140
649 168
5311 442
5081 42
298 126
5562 429
1674 474
3593 115
3121 366
4297 443
3123 314
2835 220
1448 64
4282 252
3754 261
4457 44
364 249
4685 414
310 164
3375 5
1674 104
1005 467
4981 134
2985 343
2691 330
2721 234
4284 443
5053 121
5481 243
2535 11
2334 158
4861 394
565 424
854 343
5021 117
4052 439
2295 144
5397 349
5236 206
5803 162
4401 280
1886 49
556 483
1074 485
2842 188
4811 427
3663 406
4830 280
4556 317
319 109
4290 282
4630 456
1403 45
6022 388
5912 380
2704 449
265 8
193 186
4374 210
4485 159
3684 348
4521 208
1739 191
6087 365
314 278
5560 463
725 481
4695 269
3702 85
5071 15
619 405
2052 482
1258 426
2048 278
5890 208
2217 368
516 114
1406 206
3636 210
6041 476
3229 226
1646 250
407 317
4076 242
3135 60
5994 350
5089 78
1808 281
4933 379
920 293
5635 268
4552 157
4166 44
420 126
5160 218
4582 447
1967 381
6089 381
321 203
744 445
2357 82
1445 127
5473 153
2337 236
1952 316
989 97
5791 279
332 153
397 343
4922 34
5232 409
69 41
460 327
456 80
463 107
4359 263
3457 370
3967 262
5056 58
4008 140
4144 314
3767 37
3609 307
3569 309
2974 66
475 27
2490 231
340 23
184 113
3956 440
6098 446
1199 376
113 58
3691 454
4213 280
5820 153
5614 432
4956 448
4040 434
5482 30
5117 177
2942 15
4569 50
5707 77
5489 62
1518 254
3162 4
1211 80
5584 260
422 6
392 6
2355 414
2438 366
3293 60
1480 6
4186 274
722 395
681 461
3622 307
1122 406
3744 129
2521 51
1888 489
2977 106
5356 380
5892 231
4946 267
5490 244
4773 80
5175 284
4300 481
1217 287
2887 331
1305 476
1024 287
286 205
5828 61
4402 218
1905 268
706 155
5117 251
384 118
970 397
1477 444
1699 179
5609 84
4621 84
3887 293
324 298
2883 440
5722 401
2814 350
2426 28
4289 11
5131 258
2284 74
1785 175
1053 53
4966 252
2700 454
4197 244
895 17
5937 364
1862 317
802 297
4326 16
4728 442
5436 404
991 42
3580 174
3413 397
3641 125
184 58
2258 296
4239 267
5303 399
4298 171
5868 422
3351 406
496 482
5543 377
3791 236
463 163
5753 322
972 48
3620 70
1747 488
4011 229
2632 274
4230 402
4288 139
1108 459
768 50
86 81
5731 137
1279 217
1855 18
1928 80
4027 6
1620 318
5744 384
5194 391
394 332
1774 338
5968 78
1517 147
5718 298
4550 179
2959 71
1463 229
3009 106
360 63
2341 398
302 175
1558 189
2661 397
1990 303
354 140
5003 52
590 236
329 251
5837 406
1017 414
4850 208
3417 217
3317 247
371 11
428 337
3727 424
5782 10
1725 201
1618 488
929 20
1655 121
1029 350
2723 138
1922 360
5695 223
1711 368
1262 156
688 235
1193 144
1465 454
779 281
3224 152
2051 406
4834 182
5568 263
5598 82
4693 342
432 352
5399 356
391 384
1483 218
5123 472
3758 191
4257 102
4590 440
5298 236
4316 42
5982 233
1545 51
5295 239
4995 16
436 121
946 307
5640 279
2389 41
6022 162
1494 333
861 337
1663 26
5737 244
2893 90
3721 70
3049 415
3340 71
3147 212
4911 202
2749 365
5082 1
5653 6
2386 490
404 177
5552 164
5341 255
1781 270
3191 396
4391 331
984 215
1627 236
979 297
5148 171
2370 139
3955 309
660 42
2293 164
460 255
5567 488
3205 138
253 213
468 377
4025 102
3376 302
6092 2
1944 229
579 449
329 287
5040 432
370 58
3965 168
2126 60
6064 155
5757 52
4749 147
5745 28
5384 70
404 4
6068 212
4875 223
5560 400
3818 462
1855 402
2545 443
4026 432
258 174
454 338
645 292
4371 356
4339 4
2023 51
2526 201
2425 431
4845 127
4383 456
2273 79
1236 147
1320 484
1724 464
3150 249
2788 298
3050 156
1251 212
2079 370
5669 86
2469 179
3340 126
1362 474
985 161
2065 1
2652 87
547 117
399 177
5014 447
1920 16
3757 456
1055 293
5713 298
3790 236
1689 483
4853 294
485 422
6042 454
4279 463
4296 486
441 299
5052 317
2914 260
5503 364
3264 28
5899 126
5733 62
2603 102
3422 74
448 114
5755 18
3608 28
4311 106
447 374
382 319
2801 51
4170 461
4675 217
1329 180
413 369
1981 267
2425 97
4723 140
330 141
5008 78
3925 168
444 147
4777 431
2734 267
5217 370
5030 15
5515 299
4227 220
442 285
3795 422
2472 456
774 229
4211 211
2679 390
229 213
1818 38
1137 414
364 113
5257 432
5977 337
5782 46
3748 463
3719 208
3140 391
299 244
2419 24
1191 317
3203 319
4121 220
1814 221
5326 291
5361 329
5995 54
1178 360
2497 260
5208 21
3295 338
3269 186
5765 206
2698 233
3224 309
5789 20
4110 404
2428 267
1955 318
5990 427
5225 108
4998 341
307 254
2248 100
3838 467
505 334
5072 77
4594 263
4563 58
2727 326
5486 460
412 105
4024 470
5694 476
5003 475
3010 98
4681 253
5086 341
3960 407
4454 455
2998 269
3853 8
3046 173
482 394
5385 102
5155 44
3239 334
4039 229
5961 162
2425 63
233 114
2232 87
402 317
5605 334
5046 400
4337 306
1027 188
5769 238
557 485
3940 103
3340 174
3797 461
2125 267
2938 64
485 348
2733 370
994 258
4531 95
4452 20
824 461
3703 346
3155 179
999 456
4283 71
2979 450
4981 106
2178 188
4398 456
1766 97
720 470
457 356
2162 125
1289 22
1829 277
1962 451
3141 368
3064 152
5815 480
5847 8
4738 310
3225 481
443 350
5624 178
4154 87
4370 268
4448 22
460 148
2191 299
2468 293
440 231
2094 60
392 155
2437 435
5844 79
2415 186
3910 309
5083 60
4318 483
2892 469
5975 103
2493 445
2834 483
1653 222
5945 215
6079 94
313 85
6073 404
5784 448
5571 111
5587 142
3243 281
4882 87
958 387
3889 456
4757 297
2243 473
282 175
5165 297
1264 357
4849 132
2517 482
1118 285
1193 489
1740 125
5013 206
460 121
4859 445
5635 105
1274 445
6024 309
5870 436
5771 409
614 287
2438 182
5956 193
376 105
255 242
3340 325
3290 208
1462 287
1895 91
2088 217
3549 51
4985 106
4391 239
2112 39
3552 257
3193 85
6050 265
2649 409
412 55
1215 126
5107 35
1271 455
5774 399
444 356
1826 407
4868 485
437 140
3477 168
5149 171
4785 139
4527 210
2324 51
5131 479
3151 175
5529 433
677 488
5802 232
4003 431
4721 257
2250 121
3990 313
837 381
5252 42
5630 273
223 161
4399 470
3745 123
2167 399
5550 460
4939 317
4255 186
3224 194
4068 173
483 337
422 305
5185 335
4515 448
207 101
1535 97
4794 315
422 252
1879 360
5802 69
5826 184
536 442
5625 355
5237 338
683 171
2503 444
4290 485
3589 429
6046 34
2263 277
2318 473
177 142
2771 338
5657 452
623 381
460 177
5645 37
460 153
6082 280
2454 454
2346 102
1938 473
4608 357
2994 209
559 424
3370 95
6006 118
1924 126
5145 352
2609 20
4440 371
394 261
2235 439
5998 212
1469 454
364 58
5944 215
5820 44
4554 366
5930 265
1699 449
2403 389
3981 365
4300 87
3851 371
2442 267
1983 263
4913 350
386 269
6016 460
5474 193
3596 357
2709 298
1294 160
3394 476
218 147
174 161
6020 159
5511 252
3913 98
1122 390
5782 280
3839 160
1181 238
1153 338
1780 17
5810 367
5577 69
5635 364
5321 400
2517 394
2376 27
3039 295
6072 350
2095 92
845 422
2644 400
3311 173
2897 229
5292 95
3992 398
479 71
1513 206
2873 442
2653 381
3402 421
2562 419
5171 485
2584 74
674 274
3455 226
2064 461
3745 275
4774 429
3247 365
5102 20
2923 103
453 57
2400 308
4962 233
4627 404
3106 236
443 242
5062 332
4670 325
6066 86
339 325
1689 47
1183 400
5685 79
616 160
5018 127
4187 443
2029 176
2461 484
5198 462
6100 314
5821 6
2863 284
442 420
1666 481
5396 349
227 195
5382 62
816 420
1671 483
3595 485
2438 164
3346 374
4282 443
658 168
5306 251
798 210
3452 109
729 352
1986 123
246 17
4097 422
4558 114
5902 299
4304 451
374 24
2864 483
702 215
5676 161
3045 87
2567 316
4543 18
184 96
3776 251
262 155
2906 124
752 106
242 124
5560 408
2924 299
662 6
5033 243
735 28
3983 306
4323 368
4715 208
4138 356
386 370
4474 332
5007 23
2806 429
1133 468
1012 419
5551 98
274 58
5461 329
5775 340
2968 234
1164 293
2208 488
477 223
5888 162
386 161
193 74
5464 94
987 297
5494 112
507 71
776 231
6043 400
3759 94
204 28
4193 307
184 55
793 341
343 336
3318 299
457 442
5733 482
3942 258
2519 376
985 422
3257 51
4530 295
5056 132
317 11
4906 472
397 264
2677 42
2878 345
5527 483
4474 485
4034 485
2772 60
638 414
6022 76
5192 461
484 465
2288 106
4084 17
4766 467
452 408
1063 139
5831 351
2150 11
616 203
2766 257
5907 384
2368 431
4577 400
5932 215
578 314
2251 390
1665 161
5988 184
856 275
1936 106
6062 476
3965 125
2747 430
2298 239
4491 472
783 64
275 8
417 377
4557 363
1436 297
3464 476
4317 11
5922 360
5963 329
3912 52
2159 38
866 381
5269 356
172 89
4681 257
2114 107
5864 389
5949 10
3014 233
2895 426
2820 443
447 297
784 455
4321 437
711 410
1531 325
4820 421
4201 124
3861 196
3685 84
4737 384
427 382
622 60
3334 209
3241 84
2978 406
356 316
4777 160
5148 352
3761 371
5596 53
507 353
2233 447
2704 382
2374 332
582 457
2280 211
2564 17
5984 340
524 341
4155 397
357 356
4621 11
689 213
5130 28
5422 275
4546 234
5039 100
4746 4
1728 407
2544 111
5117 404
5858 200
1333 200
4604 208
2082 231
4517 107
2551 130
5075 467
4644 11
4159 408
719 427
4327 115
268 37
5528 199
3110 17
2435 130
5447 208
5954 239
5617 479
2394 313
1771 442
2953 377
2927 486
848 284
3661 448
3431 386
5980 154
80 6
2757 152
1151 176
3877 164
1582 82
3175 84
4503 358
6056 456
2683 290
4711 210
5635 174
5440 298
3185 445
1002 362
329 17
3271 126
3301 476
4204 54
394 289
4319 285
2558 320
3545 444
6085 173
2690 318
4647 267
4923 121
3774 461
875 70
5583 2
1583 79
177 4
4185 469
457 178
2128 366
5515 317
3264 149
371 144
5829 483
5180 5
1713 203
3762 426
1658 111
177 28
3961 472
342 56
1181 129
5368 290
3481 29
2632 215
4973 401
3923 220
6063 8
2990 88
4150 288
3548 157
1468 252
957 16
1477 343
984 447
5436 28
1915 462
449 179
5056 168
4988 375
5248 411
1306 73
5030 171
4821 282
2379 285
1221 391
4776 38
209 9
3055 233
252 174
4467 481
194 80
4570 319
3544 99
3929 394
3423 90
5360 422
5350 236
4590 144
1702 406
6047 229
5089 489
1251 366
1930 343
5925 410
1634 245
366 49
2525 173
5675 456
5486 74
1023 455
1811 176
6005 179
3896 284
3179 413
1524 411
1161 489
325 261
3238 408
5652 235
4889 70
269 161
5011 439
5305 53
5216 153
365 95
306 55
1738 168
1961 89
3727 125
306 177
2501 99
1710 406
5146 379
943 293
544 80
3568 116
5503 443
1882 437
1805 51
4588 431
5659 209
1689 161
5009 44
2162 462
1727 209
4221 70
2945 122
3340 436
5364 335
249 174
2281 414
3499 334
3279 399
1786 84
247 155
5896 488
5907 302
5348 70
4566 16
1567 454
4502 51
4772 26
4096 74
1845 118
385 299
5182 306
1016 106
488 409
2821 168
5354 160
3745 8
210 156
2107 443
3126 277
5134 318
106 20
5970 430
2707 46
1856 218
644 33
4568 159
1810 203
4351 269
4352 150
2811 377
922 229
280 80
302 242
283 144
1124 18
4983 413
5205 137
3403 156
4926 341
5922 298
1243 431
3696 439
4909 439
5941 79
5676 155
2742 218
1945 401
3474 168
4372 280
4284 456
4587 215
348 29
5579 337
6074 338
1208 484
4888 482
572 54
2710 436
3000 29
3014 373
4437 51
2949 456
3017 209
176 53
3520 71
5496 475
1589 360
4641 370
1318 251
5950 307
1512 290
2439 46
1823 106
3829 402
5260 259
5584 354
5053 70
5961 280
2855 440
650 179
431 349
2460 381
703 407
1036 240
6018 388
5892 79
4524 451
2117 155
5961 245
5823 307
5676 436
2523 121
2992 454
2083 363
5287 297
3560 117
1697 11
1379 483
4864 88
58 15
5289 21
4359 284
2775 265
3299 70
3148 232
2324 431
4102 24
2681 411
388 374
2996 155
6086 189
2792 41
4677 380
2361 233
3683 102
3565 327
5809 421
423 164
3883 456
3693 290
1966 366
5377 2
1612 343
1514 330
5723 218
5643 194
2024 164
3925 160
5277 483
4359 4
184 80
3972 6
679 357
5387 488
5821 245
1480 443
2941 186
3987 164
4960 488
1327 283
314 49
4951 210
3991 207
6033 373
6014 73
352 22
1863 368
3147 163
5128 205
1702 402
3200 335
3370 285
5015 147
1900 168
196 95
613 5
2256 409
2908 164
5403 268
3624 123
5780 406
423 343
728 314
2274 99
1397 257
5062 240
4918 164
4234 307
1015 346
3527 454
200 152
3178 490
3839 397
262 161
3356 223
1200 485
2347 220
285 250
442 431
2417 74
1370 407
2209 160
4057 398
1689 223
5589 44
3893 99
3786 254
3003 470
3805 188
3608 284
938 482
4638 208
1617 174
1206 217
1981 111
343 264
4816 167
4789 103
1562 449
4609 311
2846 384
4925 406
2596 445
4673 369
5752 174
4539 359
2679 156
5875 99
485 99
3837 263
4059 19
4938 270
2055 224
901 322
3988 352
411 349
5525 462
1388 331
1776 400
4583 337
1662 293
477 180
970 264
420 105
4028 307
5803 341
51 29
4095 51
1162 463
1570 486
420 142
3828 168
2637 106
5971 280
5131 325
363 360
1222 74
2492 485
4643 363
3886 320
4635 2
468 164
324 52
4145 112
2068 173
2275 104
4036 229
3571 279
3165 124
806 477
4314 487
3006 461
589 492
2294 317
5497 429
4619 158
4322 307
2638 257
5942 184
2293 366
2018 106
3098 144
3357 439
4792 234
5603 297
1104 255
2288 20
427 408
1068 5
1785 441
5907 47
4907 283
877 206
2932 483
831 306
5635 314
598 209
424 126
161 58
4695 161
5796 385
2407 183
4365 369
256 84
1115 1
4232 123
1649 168
5066 200
337 113
338 11
5327 153
1412 308
606 422
503 472
5628 171
2053 370
2830 366
5313 356
2188 431
3556 50
3727 355
385 384
4745 413
6011 10
1622 140
3431 161
3364 139
365 96
3973 353
2791 317
2063 156
4258 346
473 454
817 396
369 177
608 115
6077 356
2717 335
5063 186
5219 379
800 291
1134 234
334 156
1147 60
619 97
3952 215
597 407
460 269
5028 387
2947 84
3697 278
5688 191
4936 386
1801 244
3757 288
4207 400
3443 155
878 234
1406 177
4381 206
853 360
436 325
2402 365
5422 155
5782 350
6068 255
486 461
4803 121
5283 21
3792 360
4370 252
5749 132
826 386
737 38
872 406
1942 231
894 366
1992 24
257 156
246 130
4305 404
1242 293
1188 139
4329 82
5959 184
2438 117
2601 437
2420 19
2314 443
386 224
4234 488
3827 390
5981 449
4574 9
5905 62
537 432
1599 346
3512 37
4786 153
5579 86
5276 402
2722 448
3527 407
5372 371
3908 442
127 40
366 212
5238 19
3961 46
2300 245
2884 455
3694 99
839 263
6095 220
6002 364
718 317
3022 28
4474 459
1300 215
3881 445
437 229
3309 94
3236 387
2646 307
4794 440
383 252
277 31
1045 470
2988 394
4516 244
5402 62
3973 413
807 399
3256 319
4481 348
2296 334
4713 402
1792 325
1997 443
382 374
3679 334
3059 472
4208 346
1652 109
4805 179
1309 67
360 298
460 441
4418 311
3177 421
4991 194
4341 157
4409 443
2904 91
5801 124
920 461
5456 329
6001 10
1445 365
884 202
5175 202
5961 486
306 121
5201 27
2750 284
5293 441
4547 44
5559 98
3820 367
2570 268
5373 448
443 374
2001 433
5297 330
5620 364
3070 16
4310 430
4982 126
2362 400
363 332
3664 477
4412 84
579 400
5121 475
2314 486
1595 17
197 46
1081 173
5189 443
2090 199
4476 457
162 8
4811 95
2705 267
499 105
1044 244
4737 149
368 314
1850 327
2458 6
4400 404
3641 462
3137 182
468 27
3858 35
727 290
4919 173
4340 320
432 360
193 155
284 149
4755 209
1689 384
371 84
4928 483
3626 413
2037 421
3182 422
2184 333
451 153
1345 88
1070 84
3320 250
5073 281
4282 6
3833 397
3838 470
3999 69
430 153
210 70
5542 171
351 177
3164 462
2915 18
2466 96
369 206
1979 252
2259 70
682 1
4868 181
4813 87
3401 350
5773 317
1559 122
1724 486
2510 394
3728 208
1256 139
4873 365
343 243
3643 60
5207 485
2553 421
3978 233
1949 431
3859 452
4067 325
1277 265
2362 439
5591 290
3793 238
2233 363
927 353
2359 417
4902 343
5422 69
1033 346
476 265
1364 257
2981 209
2886 330
4316 219
2932 456
5989 257
526 255
1604 432
4919 475
1218 52
6088 262
3747 332
2301 224
3467 71
5164 404
4909 441
386 314
669 400
1127 481
302 251
246 215
3396 298
5106 437
5172 297
1754 279
3754 223
1171 115
460 414
2423 274
3399 245
581 378
1817 381
5585 142
255 105
1472 29
343 163
4465 353
1345 318
5059 279
728 80
4223 485
3398 79
3132 488
1024 384
407 342
343 63
4494 473
386 58
798 298
4623 263
4825 359
2342 85
3262 472
1795 107
334 126
2439 4
5408 412
3484 340
3884 348
554 67
2936 198
126 58
1411 123
4498 371
1314 462
364 80
4672 297
5802 394
5333 229
2056 85
2358 356
5520 11
1505 164
4886 431
3991 459
5869 317
3633 392
5921 132
4151 1
4584 359
2075 406
3459 488
3878 407
5783 10
5886 86
3820 148
1100 79
1593 15
402 11
1011 322
945 11
450 313
2958 133
1891 163
3089 390
4412 470
2022 267
4365 314
6065 20
4869 194
3845 462
1734 71
5951 225
3330 343
3308 381
4519 482
5868 208
3505 317
2688 257
2169 255
515 38
5928 476
1482 51
1800 447
164 3
5999 158
1458 407
972 349
5841 277
4471 109
5821 276
1632 305
5053 199
5904 404
617 223
876 202
282 215
1004 233
2203 151
2411 126
451 8
198 46
358 205
2936 229
5770 144
2923 215
791 414
4775 280
424 46
772 368
5470 218
4561 2
3559 298
3951 194
3101 26
206 34
269 262
5309 445
412 353
4344 413
2574 411
4276 404
958 385
2304 106
959 488
346 293
420 386
4171 381
5045 76
3297 70
4307 72
1085 298
164 104
4507 404
1935 90
2952 177
2845 252
4676 376
5358 158
5410 404
329 252
4146 456
3033 358
3372 407
354 317
1738 448
3312 52
3940 85
5509 364
2572 381
389 343
4806 345
6036 184
3726 267
3443 223
2904 399
5698 476
2798 325
5881 478
3529 400
5087 380
5964 476
62 61
4779 440
3310 284
5705 400
2785 325
314 269
4754 104
3594 202
4665 463
4169 317
1821 483
3904 3
5391 452
4976 245
5233 132
2374 363
2712 179
337 135
5255 77
4853 220
3712 99
195 141
1993 160
3260 106
3254 453
4855 381
1270 488
3606 254
2303 260
4687 126
1075 293
1447 283
899 232
831 180
4394 400
2224 159
449 374
4884 140
2326 284
5560 452
881 15
2156 400
3966 22
4701 260
3409 316
563 343
2653 23
3747 363
951 7
3995 330
1642 445
3969 442
463 9
4965 409
4936 69
1094 483
1273 267
313 75
921 127
2499 207
2934 201
4153 455
1424 117
3683 297
3121 80
465 231
517 210
3125 483
1145 318
492 154
1818 191
420 135
576 307
5673 76
3720 371
1347 114
2679 384
4135 17
1865 127
5805 116
3147 366
5032 208
394 80
3326 341
266 177
1572 393
4596 406
1718 80
3196 387
3730 368
5330 105
894 391
2959 269
432 1
3000 99
2171 472
4333 363
5393 486
729 312
2957 490
350 330
483 450
6085 381
2813 149
5905 255
2406 376
5887 399
4695 485
364 177
479 456
4701 159
299 1
2398 316
6038 82
3228 467
2487 116
6031 279
4703 442
1992 205
5253 425
4950 296
1522 20
3141 179
4267 2
2659 355
2253 226
763 121
1963 488
3496 91
6057 263
5062 173
5789 329
231 42
4824 455
342 79
2758 158
5613 151
4982 386
3726 186
1957 290
6015 460
1356 447
4550 134
2147 16
4876 156
4495 399
314 174
3511 183
2898 360
3956 231
5514 176
3259 39
364 269
38 34
5872 195
420 177
2488 440
853 485
4695 155
3751 23
2159 85
1554 71
2450 84
160 9
351 237
3253 71
4895 239
2244 337
3634 218
5919 485
4529 1
2135 400
2491 489
3996 328
4046 108
3665 411
2085 18
2280 412
2198 124
3473 455
557 210
5661 239
4853 205
5793 257
447 372
1218 309
2506 4
5840 482
4176 447
5815 51
2018 20
1419 399
1460 367
2635 391
4408 99
853 363
1068 71
575 124
3546 462
2623 79
2029 53
4945 252
5914 184
5158 454
3724 39
1450 343
5471 407
4028 439
2869 443
3457 1
1848 126
1592 102
5133 136
376 255
3167 290
831 173
1444 209
1928 451
3439 356
1814 487
51 42
3567 233
3541 400
1561 125
4125 252
3316 34
6068 105
4372 366
2380 52
4790 17
4024 140
4042 290
3954 149
1897 430
393 108
3317 443
3035 124
4683 441
1681 139
282 34
4304 198
4561 132
4809 125
5584 208
2636 179
3753 340
6029 244
5908 27
412 177
973 257
4442 353
280 91
4926 17
1319 104
896 109
3558 365
5472 42
4732 224
2369 46
6027 406
1079 43
2114 163
396 390
1377 267
3226 318
1122 396
41 8
5883 317
5993 467
4462 159
6063 275
236 218
3619 290
1415 80
4261 104
4349 486
4782 376
6034 356
858 231
2478 199
231 93
2185 307
1619 124
5479 394
1422 450
5817 208
921 287
4178 322
1228 105
5189 6
2304 451
438 330
4198 215
2422 366
4297 247
202 139
266 149
5586 229
246 211
815 40
2532 351
5235 381
162 58
355 126
3607 290
1375 223
2675 20
831 482
3817 309
394 325
2503 139
1773 394
5549 291
2088 396
3733 80
3249 200
483 456
3392 370
4259 209
4899 245
3503 293
1949 129
3907 274
5810 42
5663 338
4168 470
2028 206
3028 258
3163 314
3652 142
377 18
4736 127
210 117
4905 29
1401 297
1328 373
393 386
1555 151
1917 358
209 15
819 11
1290 472
3548 102
1005 407
3080 144
173 117
4600 26
3008 220
3340 161
1163 120
4237 80
1986 223
3690 319
1054 283
3421 297
838 360
1099 4
2001 282
3848 255
5729 415
4308 251
2370 95
1680 384
2250 441
5985 446
2481 212
1386 104
1218 51
4354 298
5335 22
1540 437
5521 340
5478 5
1070 11
5740 479
2417 186
535 97
3636 124
1229 366
1476 163
2728 224
2911 307
422 157
895 486
152 23
1807 307
652 351
4372 208
994 307
2786 406
3895 400
5140 96
1872 124
5934 173
2817 151
5778 62
3716 231
5639 352
2170 38
314 58
3982 483
420 356
5683 310
1689 5
591 82
206 105
6016 341
4377 297
1657 200
4793 126
5670 461
4247 176
5043 2
1252 381
1516 382
2326 38
1062 338
5503 21
4982 269
965 131
97 70
5423 253
5215 208
4224 456
5196 102
2300 58
4586 372
4102 160
173 87
4512 288
2857 164
450 422
4836 5
5880 10
4476 356
5370 208
5703 452
1218 432
4743 488
5842 68
479 262
1325 406
3204 442
4164 263
5683 86
2062 485
3983 44
2499 48
4478 80
5796 349
1806 392
5484 64
2241 343
2054 317
1546 337
4829 465
772 426
6078 231
4311 314
329 175
4311 278
4339 149
5642 452
414 212
4550 118
1286 51
2469 473
5991 70
2413 87
282 126
1569 297
4803 207
5913 11
255 134
1747 307
364 6
1590 164
4082 394
3926 410
1968 441
32 30
3795 4
4490 451
3647 391
4529 309
4187 245
5988 173
2449 13
4362 87
4738 111
5251 78
5620 346
620 260
411 1
4031 375
4935 379
4578 257
4217 263
3492 487
2552 278
339 180
1629 486
2499 359
3580 258
5602 171
435 356
5544 122
3047 194
5838 1
1770 210
1110 452
4331 384
4310 69
2300 67
2750 149
1684 215
3027 157
5181 411
2709 63
755 307
5839 400
2975 317
168 58
388 381
3835 371
2598 357
1296 476
4912 366
5243 452
3796 212
125 124
6056 10
4735 281
3139 394
949 281
2089 231
5113 400
1867 407
5741 432
1677 236
2265 252
2726 299
5997 74
1068 155
5852 400
4815 208
296 121
729 432
1156 194
5245 168
4130 22
4152 263
3245 343
5947 317
266 111
3900 48
3863 485
4955 90
2749 11
2629 73
1330 202
941 374
3026 80
2940 167
1769 181
1272 42
5016 87
5450 265
340 45
1428 200
5664 451
5137 98
4978 284
3639 211
5395 60
3982 6
2905 381
4902 379
427 343
3936 22
4065 87
2279 231
3285 206
343 27
3687 53
4373 21
5876 244
6069 164
1492 302
4425 312
3420 338
327 126
2102 82
2769 85
661 402
404 282
4858 44
4662 331
2457 485
364 255
5695 262
442 98
1580 244
2517 325
2863 446
4109 182
2538 356
2397 204
4113 96
4479 373
370 174
3380 126
1468 90
137 58
3551 215
3982 392
3875 127
5810 342
2912 206
3831 298
1643 231
3340 393
3039 360
732 457
4365 105
4970 220
4438 83
3125 335
1239 406
2043 396
350 282
2163 255
5877 422
4027 443
1503 366
4695 325
2773 313
1736 320
4284 245
1579 22
3454 210
2560 366
809 270
5148 408
1282 297
5653 392
2970 297
298 63
518 472
6021 291
2372 431
413 353
584 368
5701 82
648 439
1716 161
2182 362
5900 258
4122 217
1068 161
2045 443
993 414
5264 443
1469 102
5372 406
4909 82
1391 285
3338 292
3745 325
4891 102
5637 384
5251 379
460 443
5449 86
3184 144
1404 215
1068 126
5125 332
4670 223
2542 451
187 121
4741 460
432 431
1394 366
601 41
4807 260
5412 174
4853 218
909 96
570 229
136 35
2564 175
5969 29
5759 209
3938 223
2124 413
5962 479
397 115
4256 2
4282 24
1125 422
2186 452
480 51
426 321
4343 202
363 63
1813 406
856 74
2696 307
831 339
2285 179
223 126
5455 111
3429 343
5198 188
2234 459
2259 288
3697 422
2568 189
364 346
3369 484
1670 96
2972 437
6093 276
4313 297
5001 311
1341 247
2093 359
246 245
2375 463
3627 202
1552 204
3199 267
1658 266
223 71
1714 263
5166 38
4872 285
3776 446
371 317
3924 439
626 233
4062 69
3757 266
477 339
1925 317
944 449
3462 70
5323 445
545 207
1784 437
1377 223
479 455
5806 309
549 94
2665 179
4786 483
1821 6
5727 367
388 176
3311 397
208 4
5189 252
4967 292
684 287
2787 391
1740 411
4538 284
731 449
415 79
4711 44
1148 374
4902 414
478 38
5466 287
1774 391
2720 238
5189 490
4212 357
2869 450
329 255
3304 96
4189 257
5195 455
3865 160
6071 476
2353 60
4657 47
5001 308
479 223
5386 86
4834 483
5301 460
5711 376
4731 96
662 392
2862 131
4533 18
5682 267
161 126
5968 162
1797 407
4000 224
2548 167
6061 379
3330 400
3097 254
3488 87
5536 145
3696 483
4342 254
3628 431
3707 366
5324 269
5410 28
4445 472
408 312
182 173
1101 433
2547 99
1597 483
3579 106
3784 337
314 80
4699 254
2736 67
1434 355
3569 51
5841 74
64 45
1235 468
5085 307
493 292
5880 252
3610 168
2814 183
3343 274
4423 223
6026 28
4368 448
6088 325
3424 209
4550 149
792 236
4765 268
4231 304
2991 126
4618 80
1785 399
5558 280
3211 20
4589 185
869 279
2362 456
431 343
1467 473
5163 279
5005 460
3409 93
5882 384
406 340
5671 281
5100 71
460 134
5992 164
3214 207
842 431
5214 201
3457 183
4982 223
1248 4
473 90
471 422
5210 78
1140 338
5170 373
4274 455
2324 138
4175 358
432 185
2408 142
4087 85
4478 44
2926 4
3767 268
3598 457
412 386
5504 387
5478 460
3138 209
4334 372
2276 440
5270 443
3627 36
2354 147
1294 171
827 409
3213 335
5687 363
2209 397
149 28
3448 206
6028 358
1689 242
1152 54
2524 429
5176 186
155 17
4941 298
2710 121
208 125
2475 73
3072 431
3542 399
3644 109
4105 337
5909 200
4860 269
2789 81
116 84
584 70
3433 79
1005 470
3822 149
4483 224
2946 155
6099 440
3582 293
961 80
5070 394
3815 220
3818 188
6050 277
78 74
4669 149
860 463
783 11
4551 382
3925 322
3947 245
3789 82
3085 23
5947 470
291 28
4873 234
3965 461
4048 414
1508 366
4227 24
431 305
3840 106
5019 460
3741 160
5554 126
412 46
2757 200
432 244
4318 274
3282 448
5532 293
3791 100
5683 472
276 211
3636 394
3562 84
2257 210
3928 85
251 149
2666 73
5208 404
5111 314
10 6
401 341
397 117
1132 96
1146 8
1139 372
3589 328
2206 439
4788 312
1560 366
5991 212
5821 280
691 392
887 87
5887 145
6051 79
5947 403
305 52
4335 98
557 198
4334 297
3631 368
314 156
5175 404
446 28
5216 258
4482 88
2427 227
269 258
3864 236
5477 96
3836 157
1987 334
1186 363
5787 207
5676 31
5303 21
2326 6
786 263
4310 161
3799 250
1385 395
388 95
1502 168
2532 97
1278 97
2086 122
3283 448
930 472
5019 280
5683 428
3977 292
1489 306
5871 69
1743 298
3303 369
5051 136
1420 247
3839 99
4505 409
4444 22
1063 202
4466 121
166 102
4706 404
2147 15
3579 20
282 174
466 369
3917 173
2464 470
6089 57
867 34
2561 106
2321 312
3856 271
3451 51
2364 451
3949 394
452 53
3897 452
1056 97
5564 263
5943 476
1232 109
327 60
2692 432
1067 258
1487 358
616 9
3950 74
2103 348
2221 341
4339 302
5381 104
3382 476
449 319
3104 34
1867 440
1669 381
5118 164
4486 315
2219 317
5141 460
1072 13
3039 218
325 223
4936 210
5518 231
5835 357
5433 358
1014 95
523 432
689 229
3689 483
149 65
451 298
1745 115
3502 370
2846 142
1039 413
1197 363
5084 481
3989 244
1861 401
1928 414
3146 336
460 5
357 90
2432 351
4035 335
5035 365
3073 142
4311 422
4181 22
244 42
3630 208
382 24
5374 62
4243 209
1135 369
758 290
4579 444
4195 406
4694 2
4658 132
5762 33
2016 284
585 264
2081 181
1231 366
5827 179
5156 210
555 107
5651 121
1589 397
2955 4
157 124
4024 467
529 144
4704 38
4614 2
468 281
3388 179
2414 219
3491 52
5184 449
4557 485
2875 325
3810 338
5783 341
5682 193
950 384
4480 132
3197 430
5251 155
3422 265
3360 181
2582 125
4866 29
3007 111
497 297
5161 342
3882 456
5570 86
2429 161
5526 467
3991 4
5676 69
170 161
452 427
4176 422
325 8
4901 183
5906 284
1204 424
4641 244
2684 67
317 248
1953 439
2231 254
3513 210
2596 149
3757 242
5056 87
4976 280
6025 305
4575 348
386 327
3744 127
696 151
4459 346
470 467
1459 191
3965 124
5053 80
3478 431
3734 318
3321 292
137 97
2115 117
1089 411
105 34
485 298
457 444
451 4
340 201
3431 126
1998 252
4251 451
408 176
3345 385
4695 262
4188 160
3485 213
243 176
5978 310
3965 288
3168 38
702 322
2935 210
1968 174
2321 311
411 124
2145 432
2449 95
882 144
3906 295
1582 441
3454 117
1019 422
451 210
1453 204
3526 283
1573 343
2818 346
3023 42
3062 27
379 343
5683 348
5493 334
2350 200
2286 183
2724 414
3653 208
3002 84
4680 247
4253 443
391 139
3037 161
405 97
741 373
337 268
2627 288
4490 153
3554 177
5006 295
4504 252
1355 138
5629 439
4226 208
5819 484
5249 267
231 79
5600 280
5717 432
4709 223
2875 207
1506 176
404 373
5697 51
2503 357
4634 311
2438 337
3649 270
1466 6
3642 359
3920 406
3883 267
1048 34
3213 207
4984 353
364 337
5869 246
5979 432
1371 210
3934 252
3919 463
4873 5
2965 281
5307 287
6031 406
58 16
4804 457
833 252
710 150
208 80
2006 414
1871 445
1760 247
2002 448
1449 278
1042 164
4632 84
4339 47
441 399
481 420
1230 485
5437 183
5823 245
3925 431
670 281
868 210
3784 366
4711 485
443 24
2760 298
483 113
808 199
5579 310
3031 140
1875 284
5682 223
1245 168
2233 343
2696 488
2314 341
2393 80
5050 257
3370 458
4550 412
4204 491
1127 273
5828 155
1035 87
3614 290
269 126
3853 161
1935 358
5834 466
4493 78
4127 217
4304 436
2504 294
4655 48
5686 403
1848 258
3327 204
1667 87
5167 298
2754 173
4844 96
995 430
448 365
5522 136
706 339
5575 65
431 397
5650 10
783 45
5915 462
2040 492
5468 295
422 412
443 420
3312 397
4874 17
4490 202
1474 400
4722 85
3536 167
3350 341
2218 350
3849 54
1443 413
461 293
634 202
2463 282
1378 484
144 116
956 201
443 174
365 240
2189 431
1400 340
799 71
4590 402
1293 99
4885 147
236 100
782 357
418 294
5610 86
5789 341
5775 179
5679 297
1176 439
4828 390
3248 478
2645 160
4066 41
3363 42
455 61
5898 245
4986 202
1110 182
286 164
1408 156
1986 325
5800 369
734 314
4791 17
749 483
2552 314
5511 358
1699 420
199 191
2666 420
452 352
6022 403
5292 89
1201 202
6020 98
875 412
2741 481
5310 178
2930 35
1562 319
343 319
4334 447
908 474
1844 462
910 373
6093 392
3521 265
1612 3
1301 257
4010 412
329 20
946 488
1637 267
4467 106
4241 376
840 257
1468 358
3565 200
2231 409
184 173
1439 155
5020 31
4707 94
607 8
1610 263
1661 5
3773 354
5263 293
3987 381
3154 454
4715 335
4123 209
4434 372
2275 474
4657 404
426 203
3092 122
5848 184
5458 2
1972 489
1269 204
3192 488
388 319
3036 267
386 126
6045 394
4842 144
6063 31
4793 161
5147 67
3758 477
5153 404
5105 260
264 117
1369 311
4900 18
2560 99
3811 373
5460 430
3785 306
2935 173
6068 197
1276 215
4851 317
4620 34
4920 9
3655 233
643 116
4152 301
364 314
4474 482
4768 467
1694 97
2215 467
277 265
4027 20
1615 483
394 277
2969 114
4427 432
232 192
4652 99
3012 464
5528 191
406 390
4976 456
370 71
1197 274
3967 325
358 347
4663 379
479 269
4636 442
4112 407
2919 224
5863 193
567 41
3059 227
1829 394
3808 140
2074 239
692 255
2109 177
6085 212
2796 198
2875 275
3264 266
277 8
5871 296
4784 140
5069 208
4014 410
1704 334
4913 399
2768 291
4488 122
1735 457
3125 46
2131 442
1445 168
1280 149
3490 11
4233 448
2092 322
1218 431
404 149
422 384
905 157
604 179
2666 215
2370 374
5036 232
4098 297
760 446
4343 485
3179 353
2991 269
5799 86
4597 410
1532 200
5772 177
4174 103
420 256
269 261
1352 237
855 134
337 314
2335 173
4989 268
2991 174
1402 373
4529 51
4487 182
884 139
4701 84
2850 431
5148 311
1538 338
1929 263
4908 120
3732 34
5683 111
5022 38
485 63
1589 173
4002 315
2045 139
2495 104
2271 74
2332 220
4847 445
1491 314
5929 217
527 245
2991 386
5862 254
6012 207
3093 488
1625 442
3244 407
4447 353
5785 235
1605 29
266 28
3006 38
394 72
4742 234
6050 476
3210 171
2707 210
1621 334
5545 262
1624 297
1638 202
4616 78
4724 173
3391 476
1836 304
6093 379
393 275
349 27
1383 397
992 42
5132 145
501 51
4879 437
2749 96
2155 489
3408 102
266 124
5168 254
2070 157
2517 262
4455 69
4411 363
354 42
441 82
431 374
5139 23
5375 407
4140 229
5381 220
4698 431
772 168
557 451
2234 239
5708 302
1427 236
2853 435
2242 164
1249 214
468 343
343 24
5674 267
4131 142
729 311
947 95
1934 109
2826 55
3115 381
766 448
5399 473
2760 485
4555 20
2845 245
1675 26
765 82
4615 358
4652 298
5974 281
2560 483
1310 239
370 161
4795 234
2469 84
4343 139
391 202
3319 307
1908 387
4524 414
1440 305
1113 406
596 171
3783 322
594 425
4467 182
1691 109
5579 366
5821 10
1534 261
2375 95
2651 188
3879 211
4780 78
2489 258
5546 431
2901 244
1393 58
3846 229
4921 90
4304 280
2704 443
5503 177
4306 483
1982 23
356 92
1506 236
4031 327
2336 314
2904 412
4846 78
698 304
2737 244
5615 314
2141 295
3596 252
3000 348
2450 407
2424 288
731 319
1127 51
5477 448
452 176
5370 431
5071 16
4373 280
2494 28
1499 436
5462 341
3458 298
4187 78
2255 414
4814 115
4083 431
441 229
2827 456
1210 160
2268 486
3016 87
2959 261
4360 317
646 26
3763 349
5319 460
2481 366
1488 65
324 297
935 175
2668 461
1523 407
4240 200
4670 8
3029 27
5519 139
3957 484
831 430
4227 468
331 282
4403 44
5278 329
1312 322
5219 376
460 258
5072 407
3431 485
2894 474
2583 463
3937 472
825 306
3591 31
5068 343
4603 373
2934 168
5635 282
5857 283
5892 114
5223 394
424 386
3447 489
5668 114
1110 451
329 247
164 61
5746 125
4975 3
448 233
5743 122
2511 341
3914 407
397 39
407 338
4874 341
3285 105
456 443
3769 6
1158 410
3427 346
667 106
686 110
3664 223
5324 174
4253 177
479 5
5279 341
4215 17
5934 397
5187 122
2840 478
4031 431
2240 330
3038 363
6026 404
2455 401
2212 267
2573 325
4178 486
4119 198
1203 386
6010 346
3500 210
719 95
5849 360
1830 257
4631 18
844 64
5621 46
4947 51
457 438
5843 173
275 161
3213 67
3311 285
4284 422
4753 473
2921 490
5767 455
3712 348
5961 20
5286 346
4353 26
5960 245
3380 386
1696 155
2928 445
422 385
289 8
320 50
246 155
1933 127
5056 173
4102 164
1070 144
2254 305
4209 409
5411 335
952 473
4402 236
3446 53
1086 432
2664 451
1451 82
4316 95
6070 242
384 177
3750 445
2395 67
5939 481
386 71
4902 451
1219 51
3120 147
3788 126
5735 95
801 481
2829 209
3816 399
878 149
462 356
5584 116
3641 188
5978 428
4978 4
5648 280
1384 106
302 177
4250 447
3221 358
1721 115
31 8
3340 269
1809 461
4918 348
1841 239
4453 307
4455 199
4307 155
984 239
5772 180
3142 173
1873 456
5754 346
891 478
5618 353
2355 179
5845 293
1697 402
1519 406
4803 451
1656 202
388 243
485 210
715 97
5777 18
909 448
4915 44
759 345
1059 107
1257 437
1254 448
3370 308
1645 376
3163 80
324 205
2828 474
3530 350
5821 21
2877 252
1860 160
3780 255
357 252
3412 51
3596 178
1933 345
3011 385
371 18
5766 151
2269 94
1221 37
3944 314
3352 317
1340 97
1475 87
3694 366
3483 231
932 167
3518 27
5866 424
449 220
382 313
1724 341
5618 413
4315 417
2563 406
2996 392
342 144
5541 150
4932 254
1655 82
2311 386
4526 279
5411 386
5686 396
2625 79
325 269
2760 363
414 366
4370 439
2313 20
5683 414
4979 149
3208 400
3265 414
2353 97
2157 167
2333 485
5340 263
2062 63
1066 222
1128 443
1307 124
2824 139
5901 417
4839 262
479 358
1223 389
5682 477
4770 297
4873 298
6072 280
3671 290
4428 164
6002 113
1639 348
5931 77
4636 95
1337 91
4591 298
480 29
1696 191
3794 348
5926 355
2565 119
888 231
5483 479
2152 140
1661 267
409 307
3777 212
2830 111
4961 26
2983 103
2527 60
5228 142
4345 17
2963 11
4343 156
1736 397
6037 253
6067 86
1216 42
6066 310
2907 467
5360 455
2477 406
5497 42
852 236
2001 298
4643 63
2859 488
3406 229
6052 237
3708 303
4408 298
412 382
5607 407
763 82
3337 319
375 120
4173 103
4968 454
1121 27
2080 121
2739 258
391 302
2525 96
4752 293
4691 194
5254 348
2129 74
3803 449
5907 364
4513 365
2603 90
4817 473
663 255
875 80
449 104
2572 453
4384 142
4169 407
4460 97
4406 2
5312 142
457 169
4235 168
6088 275
1146 331
3678 102
4079 365
2795 296
3387 257
225 18
5879 206
166 90
2522 60
1844 96
2257 335
357 166
3965 188
4422 102
4567 160
253 229
3209 356
3291 29
247 17
136 130
5895 308
742 365
422 126
4348 42
4994 231
5291 431
810 51
4224 242
4802 38
453 381
314 255
747 122
5984 23
259 211
5315 213
4196 414
21 6
1142 295
400 308
5169 373
4684 102
4989 47
731 378
364 252
4923 82
228 124
1567 470
2532 482
2025 421
2942 16
4694 232
2611 160
5422 262
3787 449
3181 294
332 67
251 119
298 61
1422 245
731 343
1818 1
1178 382
3723 20
5349 415
1461 174
2196 307
2036 447
199 155
882 84
3084 343
334 317
3046 282
3076 242
4370 177
1071 343
261 223
6044 210
5338 371
4431 167
5076 461
2619 13
1442 340
4818 443
436 8
744 188
610 295
479 161
1831 46
4765 460
3374 244
325 262
5601 267
1234 231
3535 186
5267 432
1461 386
1783 80
5058 73
4473 390
4321 140
457 103
287 127
1395 443
370 244
451 289
2586 102
2484 231
3065 317
4813 173
2660 20
4719 231
2211 369
3092 200
1928 212
3430 337
2353 126
2869 412
5573 297
424 71
3081 317
2587 94
1249 293
341 17
1811 408
1935 357
4868 281
5167 310
2804 87
2932 177
4227 164
1846 455
4500 78
1154 229
1824 38
5152 293
451 80
2223 297
4555 422
1890 64
2252 215
2573 436
5516 224
2143 317
2274 29
5359 381
1848 335
3760 82
5021 136
4856 122
539 116
384 182
4282 422
4216 267
1012 238
3075 270
472 60
5861 74
1564 319
2481 70
443 6
5353 476
3746 330
2655 343
2597 27
1080 400
4190 290
540 365
1413 480
2306 212
1928 207
3320 167
3140 156
3204 346
5600 450
1715 348
5635 369
4640 103
3766 356
4738 413
4179 402
3754 269
3266 211
4556 208
5683 117
1462 92
251 177
831 394
4916 208
4380 231
4977 102
701 196
3570 309
4421 91
1197 399
1959 104
2706 42
4163 233
457 440
5920 462
4307 296
5537 404
3103 89
3087 452
1093 74
474 444
3612 109
1206 84
252 80
1308 257
1600 104
1237 400
2984 307
420 58
4041 39
4278 315
5039 432
2766 406
5114 167
382 104
1105 102
3784 194
881 58
2020 183
5270 252
783 84
2658 255
3847 462
2750 38
2565 251
3631 451
563 164
1686 4
909 351
1336 332
5994 161
1633 50
1872 82
6063 277
2877 6
5047 414
3328 260
1091 442
2447 296
364 242
2956 231
627 183
298 234
915 400
981 263
3227 109
3886 463
5635 443
5020 8
1197 308
275 265
757 341
132 30
1672 97
4506 356
4836 460
1138 204
349 205
1096 109
475 52
2378 84
2812 433
1874 274
2152 407
4390 242
1049 207
4991 142
4696 106
4805 456
1539 337
5073 304
3561 183
2198 393
2344 127
436 199
3852 284
3130 330
843 114
5179 340
4673 175
2825 373
5700 384
4914 400
2132 7
5488 76
408 352
2990 93
621 42
480 50
3590 153
871 20
3746 124
1594 74
1510 200
2674 229
535 441
1102 356
5496 397
1807 151
3152 149
5112 108
5797 310
2545 6
3865 431
408 311
334 257
5409 268
5919 144
3447 422
2021 321
3458 485
3340 31
2416 54
5738 373
6081 4
3157 393
449 343
1979 6
2149 384
5498 255
2050 314
205 27
5113 343
1819 346
2411 386
4637 483
1176 314
302 149
441 121
5432 340
1636 297
4355 380
5002 402
1469 357
2642 413
5663 4
904 73
4045 48
733 437
3674 200
812 343
815 317
5095 62
3869 311
335 207
1678 400
3102 211
5765 404
2874 330
584 306
5346 292
3506 279
1752 211
3051 421
485 82
5889 76
579 308
2362 6
2166 79
584 334
282 255
3121 96
2138 202
653 410
3567 234
5299 330
386 355
5053 191
2353 46
5451 307
460 82
412 252
4043 290
1992 286
1811 452
1784 291
3159 208
6075 462
5611 393
2560 337
4395 132
5073 68
5676 199
573 267
3206 29
1395 341
5790 276
165 5
2255 366
5157 229
3145 53
1258 244
3530 399
4435 450
291 177
3962 283
94 43
2355 212
5593 445
4405 31
3860 41
1780 486
2444 158
404 28
2412 374
285 95
5363 287
1939 257
170 105
5422 476
742 95
4950 69
365 114
5820 282
527 307
1628 122
4648 480
5937 268
2353 451
4537 168
3586 208
2302 168
2704 104
2385 274
3460 179
441 99
5877 162
4976 78
2239 209
5119 17
2874 399
2825 180
3157 275
5726 320
1654 402
3827 381
5200 107
1554 198
3648 4
3699 374
6032 287
3691 437
3271 386
5209 44
4124 355
3185 461
1065 318
4370 314
220 163
4628 288
3340 223
2119 239
5115 274
4796 430
3544 348
2514 418
364 282
5446 124
409 254
1154 100
3813 452
5410 62
4510 374
5409 314
4725 90
184 126
5403 329
193 191
350 255
431 422
2201 179
3072 163
1748 320
2913 151
5262 179
5621 80
407 354
3296 147
3524 124
660 370
4472 443
4356 358
3137 212
2325 366
420 299
5966 428
4085 78
4467 353
2604 317
5279 486
174 71
4972 397
434 82
1582 121
5511 91
4540 430
3786 409
4031 270
5854 455
3605 381
1069 414
885 342
352 220
5402 267
475 343
456 422
5085 26
832 102
5285 380
5948 86
916 452
1715 298
6080 104
1216 407
5258 413
2262 179
3662 222
4748 255
1057 244
1858 22
2007 223
268 206
5812 184
1468 357
1000 229
1461 269
2533 210
929 486
4541 173
2383 406
2123 22
751 82
4024 291
5545 261
443 75
4779 42
5592 373
5126 124
296 72
365 131
2991 223
162 80
2852 293
5641 346
3890 411
4656 372
4936 370
177 92
4657 284
1103 191
1266 70
3270 204
4720 84
4184 252
3968 298
5976 380
5492 208
2928 263
5116 451
4696 21
2725 489
2496 22
1986 199
4626 307
3005 142
3443 339
2458 252
1979 417
4688 188
566 370
3005 330
5747 265
1864 26
3426 445
5312 330
382 243
3725 413
1674 449
6056 1
279 242
655 486
5279 78
5814 208
3888 124
4293 396
1820 432
5632 157
376 314
390 217
1418 31
704 102
1267 17
4208 314
3782 122
5126 157
936 174
5510 92
4071 39
2302 390
2324 160
1689 268
306 173
5501 106
3430 366
1241 317
5288 293
2238 218
4203 260
276 6
4277 267
4304 155
2509 470
1988 85
224 174
3358 401
1896 85
3625 168
473 287
1822 242
3132 144
2447 41
3245 286
459 429
5833 479
1403 340
5159 456
851 155
687 173
5290 260
4310 370
1825 173
2682 46
5644 414
1607 37
4769 404
4100 13
3654 488
460 46
4468 200
132 32
1567 437
77 48
5865 270
3697 464
5437 451
384 170
5224 189
1461 126
6074 403
2612 372
264 173
4740 80
1167 357
394 363
5306 177
5073 432
5062 429
1746 233
4148 44
5300 426
4624 284
841 317
685 17
1884 406
5191 257
2704 6
4982 71
3967 191
456 174
3001 245
2320 171
199 121
4388 70
6030 198
5641 293
6093 483
2789 80
2904 255
413 106
5686 407
1608 4
3058 64
1497 263
5336 356
5244 349
1884 11
5907 391
4756 181
895 245
4714 470
2365 34
3090 220
161 71
4834 379
3370 431
2863 177
625 60
3189 153
399 251
184 88
520 140
1179 391
3031 457
4695 223
5880 329
2049 426
6084 346
4329 121
1765 377
2858 462
802 447
2362 252
404 38
1959 311
1960 51
5962 476
2411 37
2489 263
6088 69
3348 337
3822 263
6026 263
5376 93
4890 255
5084 479
5728 372
5821 379
4618 106
295 51
4862 351
3925 114
4585 156
1265 406
386 223
2153 284
5420 105
3155 314
542 402
1935 252
5452 115
3800 220
990 42
436 275
3218 267
309 306
4716 2
4999 51
406 11
5037 371
1770 198
2416 1
1094 255
460 175
3229 196
4182 370
5315 229
831 325
656 481
5803 80
211 130
1127 456
1104 126
4662 282
1143 176
1515 122
4370 6
2331 231
1560 451
2780 318
1351 239
325 41
1893 376
3149 381
5906 404
1936 60
4052 443
3093 307
5048 153
2745 113
5896 307
4843 440
4412 42
6035 376
3233 54
351 291
3435 196
2626 87
5828 442
5804 346
2577 262
4109 420
2314 17
2692 151
4281 470
5813 142
5798 239
5375 354
874 254
5897 379
1168 467
5314 356
1230 441
4668 51
2328 402
1422 483
3126 262
5537 314
4192 431
3635 124
4659 462
796 308
3529 258
4696 314
4812 327
5868 280
1297 476
5236 105
5663 487
251 28
369 305
4142 257
5011 21
5695 269
282 249
1757 297
5090 306
3127 236
1990 338
818 327
5870 199
5226 136
2951 484
1591 437
4763 483
1387 234
3715 164
5127 460
5023 210
3313 400
721 11
3758 267
5364 276
3740 481
5108 144
733 229
266 228
397 52
2308 282
416 117
330 142
2393 211
1187 234
211 4
4666 34
5742 255
3900 120
1783 20
299 121
1661 481
162 105
121 46
3680 340
3636 298
5362 245
1689 456
2508 103
2694 249
2216 42
1709 181
388 188
1844 188
144 79
180 155
5116 366
6053 376
3839 431
5178 255
5100 295
3475 482
6093 10
3217 142
5776 160
5071 431
2956 420
3442 139
584 54
2105 401
5300 229
4598 406
293 263
5454 11
3132 38
5756 158
1700 250
2300 207
3235 343
5442 381
404 251
3335 85
4550 44
2392 366
269 174
5853 198
4022 38
5111 255
2259 177
4870 339
5865 124
705 11
3772 452
1580 394
4361 5
2161 244
3725 298
3539 330
4661 492
1870 327
2326 26
1507 353
1542 341
1647 28
3798 399
2011 267
1635 307
5972 155
1906 358
6068 384
4433 258
3010 351
2845 443
5226 371
4338 359
5781 461
1593 16
3172 475
2713 411
1511 372
370 223
1697 257
397 27
831 198
2199 263
3724 397
2499 100
312 311
3428 22
2826 207
5294 86
2761 484
2377 439
4404 87
2540 432
4321 317
3371 151
857 381
3974 17
3527 291
712 332
302 173
3326 80
1246 254
5416 346
3134 206
4550 483
4863 208
441 306
4944 365
2938 387
431 27
5562 263
1943 28
4417 392
6066 337
5193 461
2748 370
144 11
727 96
4896 96
5499 343
1350 398
3153 475
3024 198
804 118
1885 249
5240 183
544 20
584 348
280 176
3332 111
5571 310
483 422
981 293
4799 244
651 387
2730 320
4009 287
272 95
227 70
2384 478
680 267
5828 98
136 117
1891 39
5690 238
4272 417
4805 242
4412 457
1493 343
3148 38
2875 393
3657 451
3030 295
639 234
5417 61
1943 284
2711 217
6085 49
488 254
155 126
978 421
2274 348
400 164
1022 297
3461 283
5994 197
5779 201
4892 22
504 47
1372 111
1407 360
4497 28
4787 310
2478 477
2532 302
1452 51
4420 22
374 313
1903 322
4481 164
3098 98
4585 37
4255 267
3554 443
2841 443
5350 229
5821 443
443 302
3318 454
363 298
4943 486
2104 348
2066 482
1630 381
3547 231
831 199
5320 255
4325 371
4902 78
252 91
460 174
5940 476
2537 320
4897 124
406 402
3836 215
3872 278
250 146
3517 298
5918 202
2077 489
4066 69
4994 93
5579 106
835 47
5097 404
2606 296
1750 102
5122 401
5019 412
5407 485
2695 307
403 140
1456 470
1284 224
6008 124
4382 380
1831 242
1800 307
5000 209
364 170
2168 18
4596 188
739 452
2332 239
2875 161
3609 488
5691 76
507 60
4054 415
2485 322
4578 371
3317 245
382 120
1591 242
223 58
966 204
1603 472
4052 21
1032 299
4700 318
5533 282
5726 432
2966 413
5903 409
887 297
1060 116
4361 390
2532 70
4080 463
3873 335
4991 80
236 147
4370 443
1346 209
5084 21
4024 454
3042 270
381 57
2763 155
5905 482
3306 452
435 177
2603 357
4764 431
4697 341
4940 215
4991 314
2127 67
568 407
571 235
3772 381
4936 126
4833 461
2667 215
460 199
5910 488
1116 452
4874 20
4682 157
5404 74
5112 451
5049 3
5186 149
1110 134
5129 409
4917 8
5595 436
1396 485
1834 265
6000 69
977 454
4935 297
3056 257
451 394
5535 158
5656 86
6002 10
1696 267
4929 322
4915 26
1040 34
424 125
3186 232
4222 70
795 244
184 38
6066 428
2961 118
396 217
1956 51
557 156
1033 360
1804 113
475 349
844 340
5151 51
2352 113
3355 431
2022 186
5206 76
1321 267
3195 292
2594 46
4678 84
382 286
3131 346
351 302
3393 476
826 71
3315 202
1405 316
1744 117
4841 77
3596 358
3274 206
5366 121
5511 90
5878 462
3784 414
2091 391
3735 123
4704 173
3533 16
5431 346
5836 299
511 202
181 167
5246 85
191 71
3037 126
80 20
4841 279
4660 485
5884 249
139 104
4718 78
212 36
431 238
1554 483
350 174
5344 440
3939 365
5350 454
3935 472
3059 288
3362 410
1701 27
3673 104
595 60
553 61
3161 476
6004 338
117 115
3216 277
2431 432
4134 229
3738 360
1377 191
464 314
2774 198
5749 78
5266 257
2481 368
5986 459
6023 243
3156 30
5304 229
2798 262
6085 86
5310 374
5380 335
4652 156
1114 51
4957 91
4924 215
473 179
5065 445
3574 363
4325 48
359 317
284 4
1103 199
1770 485
3311 52
729 408
4339 384
296 8
6028 151
386 334
3746 149
5109 447
1971 28
2111 179
5508 62
1020 53
5495 44
4695 394
5654 373
709 22
4848 2
4944 87
1315 488
3976 73
2333 360
3059 384
983 399
5582 73
831 155
1132 346
3901 441
1392 340
1592 20
6076 52
2218 330
4136 450
6058 197
1298 476
4287 316
1359 488
5863 267
4419 429
422 287
4304 298
483 433
4950 41
5401 65
5660 28
4120 483
4461 190
107 27
456 242
1082 20
268 113
2322 138
262 199
428 420
4915 422
2323 467
4359 359
530 346
3121 207
5204 404
4254 365
5772 251
369 175
460 374
387 196
436 394
344 177
177 119
3314 211
5053 82
3694 337
456 255
429 293
5154 422
3813 176
385 173
4717 43
1575 457
420 182
5486 223
4239 223
3743 267
4469 198
894 451
5534 488
4853 418
2363 356
5782 302
5223 486
5572 236
4111 40
2838 473
939 285
177 133
384 212
485 441
4606 400
5994 198
1884 402
3415 73
5796 411
6048 215
1403 64
5390 168
5816 466
368 179
3384 215
344 159
1291 341
605 54
4671 343
2512 338
3993 171
4822 159
6068 314
3144 284
3340 386
5025 298
893 340
5236 170
836 381
5061 346
2370 107
3385 164
5779 8
1309 332
396 23
1816 365
808 436
3779 153
5295 479
3180 311
1388 252
341 15
5138 489
834 252
3652 437
5782 156
489 327
2256 254
3122 488
6053 4
3199 439
5636 460
5167 360
1125 113
4609 407
3813 281
984 58
329 126
1668 381
4177 308
3802 322
4078 334
5662 318
4253 346
5365 346
6002 268
339 155
457 256
4958 267
5153 284
343 104
5560 285
3745 155
4769 330
4027 80
5763 86
5378 398
2773 215
78 54
1534 262
2267 97
5604 371
1177 386
5061 381
534 406
616 432
4317 84
4578 11
4823 42
2636 60
275 31
974 281
4602 482
322 215
3126 261
3341 263
2936 483
5296 236
4542 163
427 176
2012 94
723 206
1660 295
2917 275
1181 431
4352 462
1807 483
5841 41
2600 20
4719 250
424 355
1779 360
4200 210
1380 401
6067 310
2657 94
3340 153
1358 74
4366 245
6094 320
309 299
348 327
3666 208
2960 118
3652 287
3758 199
3945 121
913 445
5425 236
3747 394
4692 298
5574 69
2912 34
3886 468
5027 76
3505 309
183 80
1616 138
1868 200
5316 330
1568 104
4219 257
1154 236
4187 456
5177 210
460 212
3497 202
1212 215
5317 149
5331 44
3756 489
5405 282
2530 431
2535 468
3765 318
3281 316
1136 229
5689 168
364 174
5673 226
1607 1
3192 307
5110 29
4041 397
391 37
1689 282
1338 358
3617 346
457 299
3201 293
342 94
2478 223
2453 381
5509 314
5688 199
4328 132
2756 165
5228 384
1026 314
442 356
2060 317
803 285
488 307
2300 191
1916 338
155 72
4053 340
466 244
3533 15
156 99
5135 267
78 8
484 231
5088 121
4750 452
4010 252
3208 87
554 451
2233 422
355 125
255 170
2887 282
4670 269
2890 106
3484 396
2472 212
3141 255
479 255
4839 325
2865 431
2417 267
1521 209
5441 121
2982 257
291 150
1165 334
3830 160
2032 483
138 54
5594 276
4369 373
5345 130
5476 455
5503 6
4109 79
2355 302
4702 280
2106 274
4654 379
3855 34
4662 485
6017 379
435 142
5841 476
2246 483
481 135
5829 17
3166 484
4485 402
162 54
394 8
2904 330
325 199
5894 149
5280 432
4463 392
1429 425
4486 182
4701 454
2666 274
470 437
1801 64
3754 262
4094 376
4343 298
4558 93
1435 186
4969 211
635 413
2901 155
4635 341
3917 341
1021 87
369 66
2332 265
4213 24
2531 209
4009 445
2124 353
5987 183
84 11
2614 467
5038 432
4522 107
976 442
6096 367
4534 261
5580 354
4449 472
5069 160
2949 242
3102 91
4532 122
6039 63
2112 231
1013 402
4064 411
5339 314
96 80
3836 38
2924 422
4678 179
3468 227
5598 126
535 91
5104 200
363 239
1936 413
519 343
1386 400
1104 258
3040 218
1088 124
4674 470
404 302
4581 245
422 331
4902 483
4840 485
5064 209
1859 488
3034 226
4107 129
508 281
4021 273
4787 366
2290 407
2098 456
1472 51
1496 343
4451 138
612 20
4436 400
1285 109
4868 348
3597 267
4781 121
252 75
4747 384
3670 369
5623 345
5188 249
3921 445
5174 379
4214 224
2896 207
5513 371
5562 28
4608 90
5199 404
3004 311
4156 96
162 121
3628 490
1014 164
5579 481
6090 253
449 24
1210 431
2679 314
697 194
5445 235
1038 22
411 121
4330 381
636 140
5055 35
4822 116
469 148
4618 96
4822 317
3701 238
1152 74
4945 132
2969 231
5671 408
2152 317
3629 317
384 183
5237 260
4378 60
2434 263
2478 74
392 17
5923 388
3592 311
674 270
1975 160
2180 94
5936 162
4834 280
3540 356
4280 53
5435 76
5413 50
5739 257
4137 94
5162 348
4411 332
5962 265
5398 106
5433 479
2528 440
2144 263
2702 236
1822 456
3340 8
2515 149
730 356
4972 54
261 155
5343 154
4987 155
4260 212
3043 414
197 80
4805 404
1979 443
962 377
4771 370
3669 156
1695 215
3717 461
6016 167
4478 456
3237 158
2534 199
2478 191
5157 218
4467 413
324 252
3107 345
2360 31
258 153
1737 397
3758 155
4309 302
3811 429
1617 298
3041 279
162 74
4760 303
302 4
5638 229
5606 109
3661 96
1500 152
5074 77
3891 478
2518 233
4887 93
4104 208
404 288
3746 28
4081 322
2904 443
1941 312
5578 397
446 38
4015 381
451 46
4997 445
5681 125
870 322
2765 153
2072 398
4414 18
4340 164
276 245
1235 285
5042 297
3116 346
3507 253
4644 84
5462 20
454 291
5275 247
3449 451
3942 269
1495 457
1669 96
1446 394
3588 199
1462 290
3553 443
3298 29
5079 77
942 442
3160 98
5839 281
4563 69
527 17
431 369
466 98
2800 168
4857 202
442 360
300 255
3816 97
5646 2
4945 274
3487 490
2077 224
1445 131
5776 297
1185 309
3927 308
5655 2
1140 470
3528 307
206 66
5448 52
4582 297
244 25
3042 27
1526 400
4324 261
5621 207
3340 199
5734 156
1947 257
223 174
2259 142
3015 151
2498 156
2999 313
5424 243
4504 242
2174 490
2261 322
269 223
4832 461
3542 330
4210 208
2054 140
5392 342
1690 109
2673 106
2503 127
2362 4
296 82
2959 262
3814 483
5500 27
4622 371
5511 6
506 60
4761 160
2832 279
1724 17
3246 217
1852 164
5927 184
1740 242
2825 177
4209 254
2222 73
5169 263
5360 280
174 58
3862 96
3646 235
3870 164
1451 121
4162 22
1925 407
1207 158
1128 6
3825 400
5622 2
5511 357
5911 468
2062 360
386 174
3874 363
3443 180
5709 60
4880 138
1472 295
1881 292
577 245
5415 186
2304 156
4315 468
4607 404
4041 264
862 87
4347 328
2808 243
5568 206
5978 337
4370 330
814 483
4963 151
440 116
4403 433
2005 5
3775 346
4798 293
2803 365
3882 486
1556 94
136 48
1992 164
4113 365
414 36
593 168
2920 222
3134 34
5584 437
5375 94
5274 164
1894 320
437 260
3964 20
5414 231
4556 13
2686 38
5222 245
4019 179
3472 157
3501 121
2534 325
4322 488
5958 371
3201 365
5091 87
2959 223
407 11
2130 121
76 27
1499 325
460 341
3699 476
700 400
1973 307
5219 255
5783 464
1363 452
3003 437
4536 440
3522 434
5693 227
5241 122
4062 8
5973 136
3703 293
3492 303
757 269
5676 275
3423 357
4670 69
4359 28
56 42
3811 293
348 60
280 58
2608 82
4373 314
890 459
4105 21
4612 395
268 105
4702 439
4750 312
1913 244
1094 242
306 299
2836 223
4695 436
2387 106
2979 422
3410 483
324 73
2069 293
3383 79
2229 194
762 37
460 314
716 253
708 118
439 177
4282 164
205 164
5465 97
2680 462
6085 366
3882 223
4959 217
5855 179
2302 27
172 87
5584 473
5437 198
1331 161
173 89
934 209
4055 293
2689 200
3659 396
404 284
449 205
5453 427
2546 80
5217 69
4848 390
755 488
2922 341
4588 160
3229 95
3564 283
4525 406
4463 6
3455 326
2381 233
1486 448
5183 20
2738 356
2212 456
1249 38
3123 194
443 80
2463 249
5503 252
364 251
460 36
2916 288
3059 70
3637 303
5198 231
174 126
2307 168
4687 161
1120 209
1103 325
4416 371
210 198
557 298
1111 263
3706 456
5963 341
3063 82
5003 305
460 386
2470 199
5678 2
1268 265
4563 223
145 126
293 222
145 111
562 229
3709 381
4551 292
4518 489
1958 363
2076 174
1811 427
5503 175
2744 199
460 223
422 282
5461 464
5437 1
2654 159
1291 17
3277 109
5924 357
4894 239
1577 293
3285 34
1923 488
4575 368
4564 96
1866 440
903 120
5540 18
3491 308
4808 142
982 367
742 171
4559 447
1829 275
4652 210
1505 24
5839 349
721 84
2881 290
3453 26
5730 394
207 67
4304 210
5057 402
1077 168
5749 36
365 68
1848 386
3771 31
5250 341
2204 468
537 185
391 182
2446 311
3758 223
1963 307
5619 76
3788 386
2701 229
6068 364
4931 402
489 174
5983 359
4739 352
4012 314
4329 441
1277 476
5933 338
5381 305
2101 370
5120 229
1894 152
349 121
3729 63
5328 282
2266 278
4695 199
2514 294
4971 265
1196 114
1849 293
6089 453
373 263
2041 437
1047 231
5093 274
2260 335
4383 242
6059 257
1696 199
1528 223
3121 49
3958 398
300 170
4936 451
1527 297
3495 209
420 353
4907 116
504 284
5318 150
3288 110
1094 314
4235 404
2315 174
1758 20
5955 184
3804 394
364 268
6055 77
2076 298
6044 298
4737 483
2653 346
3909 327
4458 255
325 155
2888 459
3289 285
3454 459
3378 29
1235 172
5992 400
1240 305
5748 428
4492 358
1303 434
403 299
5280 1
89 87
5626 153
5480 400
1856 243
382 176
3340 339
4667 379
4016 381
1898 399
4424 353
1238 363
366 337
1013 322
343 286
342 42
1425 245
1034 360
4467 208
3214 335
2441 80
4029 399
438 319
4068 156
431 420
2770 467
5173 290
5765 34
4976 276
4038 229
3668 267
5946 77
3599 279
422 369
393 126
750 451
5611 460
5142 479
479 422
1991 110
436 155
599 451
1014 463
562 356
5247 463
473 356
3086 156
889 451
2239 295
2710 82
69 31
431 160
4910 234
448 96
4642 96
3621 4
3543 439
4636 468
449 286
2643 99
1197 422
300 105
4375 473
6056 242
5100 386
296 277
3234 104
647 433
327 174
140 92
4284 78
5822 97
307 245
4264 334
1127 212
3147 99
4020 351
5512 404
1192 60
4509 460
5811 342
5279 17
6054 2
1313 343
1591 279
1990 35
473 444
5234 421
1009 267
2811 18
1214 341
777 109
3987 104
262 261
4945 73
5851 365
1571 330
831 477
4976 422
5642 176
1964 343
5137 62
3339 11
850 6
5788 485
2901 299
5885 388
2662 231
1316 215
358 297
4245 485
5588 243
2779 27
2516 399
4984 413
767 191
3932 147
358 151
4470 317
369 105
4426 73
5012 293
1123 50
1986 267
1719 402
5750 428
4067 69
907 268
1954 17
4560 20
3498 38
3766 473
1469 358
384 173
5702 77
6099 231
4115 473
2097 11
1734 227
4937 84
2356 239
490 420
479 399
3866 90
4645 204
184 31
4548 84
4294 488
5807 459
438 51
261 161
5422 325
1247 290
3857 311
392 247
1320 144
230 229
1520 17
1959 449
197 54
5573 62
2190 306
5485 404
3739 451
460 456
4252 235
4376 373
4831 386
1131 209
3480 315
2021 426
1218 244
340 64
255 175
3292 237
3580 269
5073 76
3217 306
3553 252
3124 253
414 298
2154 445
2048 412
968 293
4944 168
1423 398
374 139
5013 346
2371 111
736 481
224 126
2293 314
875 351
1853 406
1119 391
4358 40
3787 400
1554 161
911 319
561 209
343 164
2353 386
2670 307
5683 60
1613 431
324 87
327 71
3285 268
3905 454
5917 162
476 8
4319 250
2754 385
5769 54
1541 153
863 373
1410 109
5850 127
4986 62
5611 153
847 284
4304 175
971 106
147 100
246 121
296 155
420 382
5712 476
3691 470
4365 174
4172 21
1563 51
5193 293
4576 318
3137 99
4107 448
384 302
5459 473
2399 356
3813 408
1847 482
1180 349
4839 69
5098 287
4942 77
4205 447
5273 335
4290 422
4854 5
3264 124
5597 208
2160 281
3163 61
2901 1
2877 443
5795 96
3982 443
1322 482
5424 167
1414 432
2478 267
4239 186
3713 454
332 239
2767 314
298 210
1227 244
476 277
816 91
5259 103
1897 223
2058 18
1244 157
2726 442
3754 155
4292 142
4837 231
5649 441
5218 398
651 13
1191 407
5621 208
1155 381
4945 317
775 288
3381 476
614 445
428 366
2909 390
4786 223
4936 80
4822 440
431 15
5306 229
130 35
4630 391
4273 343
2871 223
4242 233
2013 257
4325 406
3171 208
1430 63
1614 290
1173 257
3046 98
5802 275
2540 281
729 220
4317 256
2344 385
262 223
2481 179
4326 15
2709 360
4332 371
5302 236
6040 86
2492 441
55 51
546 215
2809 348
223 16
5832 87
5308 396
207 48
1436 91
3152 369
4662 422
2868 365
3984 455
4935 78
1108 429
1644 79
291 133
3710 359
5967 41
5337 21
1218 209
692 134
4370 21
1833 279
657 18
3656 386
1361 231
712 239
5418 340
5905 44
5054 231
4263 267
3174 384
2440 465
1921 48
1962 179
2001 363
5553 371
5357 318
4572 279
4974 280
3868 334
371 160
5933 337
5239 371
3280 229
3985 91
4750 408
5506 136
4217 446
5818 184
456 212
3711 48
2716 231
397 173
414 384
933 202
5947 147
3971 415
3340 155
3731 107
4996 380
2790 200
4520 98
5434 460
452 381
357 102
3853 207
3095 282
460 370
1911 410
1546 366
4178 97
3070 15
5780 340
3340 430
853 63
3113 226
4359 149
883 90
3519 332
3013 444
4053 390
1802 186
3839 481
6060 476
460 350
4337 309
2405 402
3608 125
1394 337
3207 38
2270 257
3061 254
2778 198
3998 349
3020 391
4158 257
3117 22
1094 249
3930 303
420 12
3675 287
1064 446
5870 155
384 1
3025 5
5720 231
631 80
551 253
4935 358
3286 176
3885 444
3896 30
1184 234
865 309
5422 8
5367 136
533 26
370 126
5361 439
3753 23
182 114
4340 381
1468 102
4797 404
5437 108
588 233
443 252
1733 104
3386 274
3225 369
5100 370
2853 177
4473 156
3278 461
2751 151
2559 268
329 203
3704 243
5210 484
269 71
4413 236
5734 21
1182 87
5280 343
2134 121
1472 363
5576 132
2997 448
3469 144
420 412
5130 404
2599 11
5394 70
4397 252
2795 121
1902 91
2137 462
280 177
881 16
4980 263
4359 302
757 464
828 322
5911 24
2396 243
3736 370
4664 373
1388 282
922 287
1995 320
3874 485
2362 443
2780 316
579 104
3917 252
844 45
1584 488
351 149
5569 231
5697 1
4282 178
4101 106
371 343
4506 435
992 342
4304 46
1470 115
5867 422
1585 407
2610 11
5608 200
1899 482
3067 191
1531 436
202 36
1259 171
1189 251
1094 456
438 435
618 127
5996 77
4783 149
3831 414
4686 371
1170 304
328 233
3967 155
3677 91
2440 484
4865 209
2543 345
2963 402
609 93
4503 252
457 435
329 155
781 260
5034 160
4394 422
5256 254
3810 208
2001 61
4312 132
786 288
4879 467
278 4
246 180
4049 239
457 420
636 356
510 464
443 422
1427 177
3876 243
3529 314
3886 178
2891 102
394 232
3088 441
3722 33
4839 199
3048 297
5211 66
2860 279
714 475
4090 151
534 402
436 289
3868 156
4701 116
690 346
1039 267
5080 436
4068 483
5935 309
1133 24
3127 176
5438 137
881 209
5228 385
4073 318
2931 68
1524 121
4726 290
5721 77
1959 292
1256 391
441 434
5547 98
1323 335
432 236
3014 168
252 90
2120 319
479 386
5911 164
2338 407
5673 440
4316 440
816 422
3453 483
2883 338
4695 69
5496 52
5212 402
4265 249
2910 431
1081 308
2247 293
1889 209
476 275
4893 54
1596 106
1553 180
4141 38
2932 391
2469 144
5660 446
5381 164
3521 476
5371 61
481 182
4386 87
2520 451
5725 441
309 1
2258 441
5352 409
4800 295
1798 431
3915 346
333 176
541 31
1702 84
4927 298
4617 73
4346 467
4326 58
532 26
444 188
2071 80
246 97
2280 456
6013 222
420 55
5503 280
1445 87
1043 224
2813 445
439 330
5422 277
4198 456
4375 102
643 407
699 290
525 20
5751 428
4446 79
280 97
1457 65
5213 407
3737 417
1940 249
5229 455
1549 106
4727 443
5556 95
5268 352
4248 176
5882 156
197 194
183 1
1536 318
2448 53
211 35
2594 424
302 142
1767 305
2198 121
3572 384
5421 102
512 83
1206 340
2370 120
4415 354
2388 426
4412 140
2693 229
1281 223
2764 279
3347 330
2683 289
5041 117
1166 284
1712 433
5524 454
859 82
602 85
5775 116
5379 306
5953 400
1703 79
2976 29
479 97
1455 343
4499 122
4458 314
3038 332
2714 267
5092 208
475 397
155 121
343 220
356 147
4448 353
2539 106
6083 184
4443 253
5536 399
4160 486
2482 28
479 261
327 223
4432 124
129 79
3586 80
1950 393
6003 98
2030 362
